   0.0000000000000000     
   5.5557782955970580E-003
   1.1117408835973119E-002
   1.6690766757195163E-002
   2.2281773150745199E-002
   2.7896418475266804E-002
   3.3540786494635988E-002
   3.9221078927010655E-002
   4.4943640997554102E-002
   5.0714988097788627E-002
   5.6541833767128846E-002
   6.2431119227231768E-002
   6.8390044717578480E-002
   7.4426102901370861E-002
   8.0547114634627714E-002
   8.6761267418559829E-002
   9.3077156886179235E-002
   9.9503831708928292E-002
  0.10605084234820361     
  0.11272829412024898     
  0.11954690509127719     
  0.12651806937292931     
  0.13365392644637986     
  0.14096743720633143     
  0.14847246748333354     
  0.15618387987337767     
  0.16411763477601715     
  0.17229090161386273     
  0.18072218127348627     
  0.18943144086511210     
  0.19844026193804876     
  0.20777200329950851     
  0.21745197955063533     
  0.22750765635346926     
  0.23796886324642719     
  0.24886802449299283     
  0.26024040792358893     
  0.27212439094034702     
  0.28456174170057658     
  0.29759791184845685     
  0.31128233485888224     
  0.32566872087986343     
  0.34081533464557734     
  0.35678523726130873     
  0.37364646506543364     
  0.39147210895686202     
  0.41034024516862067     
  0.43033365322381067     
  0.45153923878211710     
  0.47404705890666676     
  0.49794882658720052     
  0.52333575336140359     
  0.55029557908023863     
  0.57890864473082759     
  0.60924289952175759     
  0.64134781155244047     
  0.67524728681722745     
  0.71093190312685461     
  0.74835102857084257     
  0.78740568787924303     
  0.82794329986525228     
  0.86975553789979942     
  0.91258045440866753     
  0.95610958316583572     
  0.99999999999999956     
   1.0438904168341634     
   1.0874195455913318     
   1.1302444621001997     
   1.1720567001347466     
   1.2125943121207561     
   1.2516489714291565     
   1.2890680968731445     
   1.3247527131827717     
   1.3586521884475586     
   1.3907571004782415     
   1.4210913552691715     
   1.4497044209197605     
   1.4766642466385955     
   1.5020511734127986     
   1.5259529410933323     
   1.5484607612178820     
   1.5696663467761884     
   1.5896597548313784     
   1.6085278910431371     
   1.6263535349345655     
   1.6432147627386904     
   1.6591846653544218     
   1.6743312791201357     
   1.6887176651411169     
   1.7024020881515423     
   1.7154382582994225     
   1.7278756090596521     
   1.7397595920764102     
   1.7511319755070063     
   1.7620311367535719     
   1.7724923436465299     
   1.7825480204493638     
   1.7922279967004906     
   1.8015597380619504     
   1.8105685591348870     
   1.8192778187265128     
   1.8277090983861364     
   1.8358823652239820     
   1.8438161201266214     
   1.8515275325166656     
   1.8590325627936677     
   1.8663460735536193     
   1.8734819306270698     
   1.8804530949087219     
   1.8872717058797501     
   1.8939491576517955     
   1.9004961682910708     
   1.9069228431138199     
   1.9132387325814393     
   1.9194528853653714     
   1.9255738970986283     
   1.9316099552824206     
   1.9375688807727673     
   1.9434581662328703     
   1.9492850119022105     
   1.9550563590024450     
   1.9607789210729885     
   1.9664592135053631     
   1.9721035815247323     
   1.9777182268492539     
   1.9833092332428039     
   1.9888825911640260     
   1.9944442217044021     
   2.0000000000000000     
